velocity flux_norm flux_err cont_err
-1497.404007692299 0.44801183713213455 0.3333443752145942 0.055492183403370775
-1490.9700145569116 0.6744755491205132 0.37675029528002346 0.05441696890918866
-1484.536021421573 0.8559859876407999 0.40041521350434645 0.05335751417465818
-1478.1020282862344 0.6570384338112534 0.3678546481195885 0.052313754625517
-1471.6680351508467 0.7897027321552679 0.38810928985761733 0.05128562931662889
-1465.234042015557 0.8872428328718701 0.404939783694498 0.05027308099962398
-1458.8000488801695 0.9209046645133151 0.4147594476522066 0.04927605619200615
-1452.3660557448309 0.6551544522485199 0.3680429495450113 0.04829450524766825
-1445.9320626094923 0.7530035600851477 0.38579795202259903 0.04732838242799225
-1439.4980694741048 0.8191753453141504 0.396013965118133 0.04637764597332039
-1433.064076338815 0.8826168455614484 0.4073335775470418 0.04544225817406483
-1426.6300832034274 0.8182449602189195 0.3962753443761072 0.04452218544063367
-1420.1960900680888 0.9445769643292746 0.41181595981942254 0.043617398371621284
-1413.7620969327502 1.0731493741771139 0.4322604942915998 0.04272787181894
-1407.3281037973627 1.007678812466769 0.4222716803266386 0.04185358494906256
-1400.894110662073 1.199369224950501 0.45452106648998236 0.04099452129898885
-1394.4601175266855 0.9045347195910624 0.40460569450028927 0.04015066882538682
-1388.026124391347 0.7115661459655188 0.3700118991543417 0.03932201994551634
-1381.592131256008 1.1949173690467614 0.44919685534029685 0.03850857156774377
-1375.1581381206206 0.9350421200811846 0.408654059113408 0.03771032510980914
-1368.724144985331 1.0964772105499228 0.4343739420476609 0.03692728650239748
-1362.2901518499434 0.8983202825524702 0.40291532954076553 0.036159466175313834
-1355.8561587146048 0.6745569212440283 0.36560353945353735 0.03540687902360564
-1349.4221655792662 1.1889743253179212 0.4476779445856815 0.034669544350147234
-1342.9881724438785 1.026958909013279 0.4222960212812315 0.03394748578143479
-1336.554179308589 0.8651588136470171 0.3950977378036171 0.033240731152705816
-1330.1201861732013 1.0564931757750124 0.42639442262891214 0.03254931235820971
-1323.6861930378627 1.056220745526769 0.42597002321608446 0.031873265162459766
-1317.2521999025241 1.218097697386756 0.4494198964594689 0.031212628967543916
-1310.8182067671366 0.9306687292962832 0.409948998531981 0.030567446531823646
-1304.384213631847 1.0241555425124131 0.4202900430800565 0.02993776363486688
-1297.9502204964592 1.0221711083385172 0.41940178391251687 0.029323628683362375
-1291.5162273611209 0.701777645001002 0.3699672927538018 0.028725092252994015
-1285.082234225782 1.244451885250867 0.4520222790057796 0.02814220656090682
-1278.6482410903945 1.0210703745388865 0.4213894496761049 0.027575024864044822
-1272.2142479551048 0.8615394143832581 0.3971902369326305 0.027023600778755815
-1265.7802548197174 1.1461527336345083 0.4362780944370867 0.026487987517644314
-1259.3462616843788 1.3360656586325108 0.46323524497083457 0.02596823704066867
-1252.9122685490402 1.273290110612115 0.4548285227079641 0.025464399118131663
-1246.4782754136525 0.9541166976072034 0.41074808754597764 0.024976520304885886
-1240.044282278363 1.080808821653601 0.426188621808893 0.024504642826418406
-1233.6102891429753 0.6342896244263112 0.3535675841046231 0.02404880337936026
-1227.1762960076367 0.8868328859378054 0.39545396268052824 0.023609031851313366
-1220.742302872298 1.2339695272766784 0.44837001925393205 0.02318534996698633
-1214.3083097369106 0.9170857453088499 0.4035814695571023 0.022777769870611
-1207.8743166016209 0.8549522749075156 0.39408764208813996 0.02238629265725347
-1201.4403234662332 1.0737149727011577 0.4278275509280604 0.022010906868600858
-1195.0063303308946 0.6974968199377944 0.36496426884032146 0.02165158697193338
-1188.572337195556 0.9796064567430992 0.4086155435837922 0.02130829184359257
-1182.1383440601685 1.1028176838712749 0.4280054894140098 0.020980963281159712
-1175.7043509248788 1.197366413592009 0.44131179580909174 0.020669524570652676
-1169.2703577894913 0.8497176755636141 0.38674823368003797 0.02037387913679347
-1162.8363646541527 1.2899099415988702 0.4542717168202215 0.020093909305577622
-1156.402371518814 0.9750610695042822 0.4073755680964865 0.019829475208397774
-1149.9683783834264 1.0694189786719719 0.42504592133933955 0.019580413856492358
-1143.534385248137 1.0694864975120013 0.4215119730135898 0.019346538412658147
-1137.1003921127492 1.0991264832244556 0.4257824504262441 0.019127637684441378
-1130.6663989774106 0.9740615032085279 0.4103799250403265 0.018923475859363374
-1124.232405842072 0.9107887720014425 0.4008027147656322 0.018733792497884642
-1117.7984127066843 0.7215955140059496 0.3681159685280358 0.018558302794480872
-1111.3644195713948 1.2206017434868004 0.44229577687394156 0.018396698111007706
-1104.930426436007 1.0347792016697746 0.414694743557472 0.01824864678007864
-1098.4964333006685 0.8757022958791046 0.3893042553686665 0.01811379516967715
-1092.06244016533 1.1252128961630417 0.4326106456271364 0.01799176899372524
-1085.6284470299424 0.8769866605155588 0.39263037935987466 0.017882174847509424
-1079.1944538946527 0.9993292602185531 0.4130710331214532 0.017784601941576276
-1072.7604607592652 0.9676804343400616 0.40732773599357935 0.017698624003426505
-1066.3264676239264 0.9994031594908426 0.4131139259927269 0.017623801313165748
-1059.892474488588 0.6546291830967534 0.35459547223813215 0.017559682837175062
-1053.4584813532003 0.6549915461543154 0.35969576589962815 0.017505808423116546
-1047.0244882179106 1.0880290501794483 0.4203819206679083 0.017461711019912243
-1040.5904950825231 0.9952134679954506 0.40732940770347403 0.01742691888779838
-1034.1565019471846 1.2763676955514303 0.4476891019591621 0.017400957765976974
-1027.722508811846 1.060764110924133 0.4254241109573517 0.017383352968534715
-1021.2885156764582 0.8440567485687894 0.39111240671100683 0.01737363138308943
-1014.8545225411686 0.9359493226644843 0.40624816358333493 0.017371323350745642
-1008.420529405781 1.185362382264887 0.43819352045216814 0.01737596441027503
-1001.9865362704425 0.9368125783296289 0.40623382854357837 0.017387096893770892
-995.5525431351039 1.0284479081549391 0.41966613372490663 0.017404271365209646
-989.1185499997164 0.9970424052499822 0.41536629899667643 0.017427047897265475
-982.6845568644267 0.869515530851916 0.3906003078018352 0.01745499718526535
-976.2505637290391 0.8718650942905755 0.39533348388259604 0.01748770150028602
-969.8165705937005 0.8412006465421896 0.38471991247375636 0.0175247554860211
-963.3825774583618 0.8715301397440567 0.39240401316581497 0.017565766806223952
-956.9485843229743 0.7812577806173375 0.38464305928219533 0.017610356651200365
-950.5145911876846 0.9645575007476211 0.40940110535655044 0.017658160113080083
-944.0805980522971 0.9321504943890523 0.40399809628357225 0.01770882644043731
-937.6466049169585 0.9953432754487573 0.4080187175855761 0.017762019183287087
-931.2126117816198 0.807661148154493 0.3839292149772559 0.017817416239684407
-924.7786186462323 0.931422637465105 0.40386890351428034 0.017874709815027957
-918.3446255109426 1.1752076496501296 0.4307835581436756 0.017933606304888588
-911.910632375555 1.3580724215215345 0.45629799700401624 0.017993826111719593
-905.4766392402164 0.9593295407147471 0.4030889213094125 0.0180551034051952
-899.0426461048778 0.9907184133591498 0.40303945090318366 0.018117185835293984
-892.6086529694902 1.1137948161549824 0.4216182187605796 0.018179834206482347
-886.1746598342006 1.2064335934566766 0.43848921714920774 0.018242822120631275
-879.740666698813 1.0829495555119804 0.4208971720458522 0.018305935595550767
-873.3066735634744 0.9901650841171417 0.41184430762494983 0.018368972665264334
-866.8726804281358 1.0541928683121955 0.4209278366125225 0.018431742967480694
-860.4386872927482 1.1122731837209596 0.42516449878995416 0.01849406732300513
-854.0046941574586 1.0806912562573183 0.42372820886369866 0.01855577731123125
-847.5707010220709 1.1747910164861157 0.43758049976763613 0.018616714845272674
-841.1367078867323 0.6851407110874913 0.36579992369301373 0.018676731749736636
-834.7027147513937 1.0215374191857305 0.4155612341179679 0.018735689343702105
-828.2687216160062 0.7762418738891546 0.38132129413522603 0.018793458030989328
-821.8347284807165 1.05130333651143 0.41973788578771687 0.018849916899447684
-815.4007353453289 1.1107085026174166 0.4284493727045732 0.01890495333064586
-808.9667422099903 1.1422267120628222 0.432710463045277 0.018958462621025043
-802.5327490746517 1.0479303060606686 0.4140890302111966 0.019010347615352502
-796.0987559392643 0.9872397710862229 0.40996702512831823 0.019060518353048127
-789.6647628039746 1.230230933661955 0.44063721711698994 0.01910889172778587
-783.2307696685868 0.7733522495622457 0.37512697679235174 0.01915539116060418
-776.7967765332482 0.8009042447057849 0.37504611827260276 0.01919994628660051
-770.3627833979097 0.529800273855179 0.3348101703383123 0.019242492655199464
-763.9287902625222 0.896802949123082 0.3950635971483753 0.019282971443855
-757.4947971272325 1.353471114098311 0.456146262878963 0.019321329184987468
-751.0608039918449 0.9541830342530507 0.3992058168527233 0.0193575175058904
-744.6268108565063 0.9518759966062551 0.4043683401161389 0.019391492881275372
-738.1928177211677 0.6817846218453458 0.3643348405465059 0.01942321639811012
-731.7588245857802 0.9253429678772531 0.3987587428179106 0.019452653532349356
-725.3248314504905 1.503854421068627 0.47167450082344997 0.01947977393715307
-718.8908383151028 0.7431470204602556 0.3741531331910427 0.01950455124217102
-712.4568451797642 0.8336729700079263 0.38957625202991464 0.019526962863452627
-706.0228520444256 0.9860379807674222 0.40875329910046687 0.01954698982355748
-699.5888589090381 1.0465141710577013 0.4171988129372059 0.01956461658142389
-693.1548657737484 0.9844647672102053 0.40650434989186934 0.019579830871568903
-686.7208726383609 0.8907496847367304 0.3942132679244449 0.019592623552198204
-680.2868795030222 0.924102311554041 0.39891603911479334 0.019602988461807365
-673.8528863676836 1.2260885980984917 0.43827180804346866 0.019610922283877258
-667.4188932322961 0.7388527084526706 0.37380950382986744 0.019616424419268304
-660.9849000970064 0.9196800173363672 0.39773484547457877 0.019619496865938005
-654.5509069616189 0.6780826892530992 0.3627869060680274 0.01962014410561738
-648.1169138262801 0.6479379591587227 0.3567815192496325 0.019618372997095603
-641.6829206909415 0.9835156865176831 0.40718706016348666 0.019614192675777964
-635.248927555554 1.2271400219494317 0.437617896874701 0.01960761445919499
-628.8149344202643 1.3156035142058211 0.4504619548166894 0.019598651758156102
-622.3809412848768 0.859346678064589 0.39348922005204967 0.019587319993252982
-615.9469481495381 1.0439477199971219 0.411517813794302 0.01957363651643553
-609.5129550141995 1.2523878424071526 0.4415002373532155 0.019557620537390318
-603.078961878812 0.9792608681467295 0.4018993783116371 0.01953929305447056
-596.6449687435223 0.9797528945079508 0.40257929491525885 0.019518676789935397
-590.2109756081348 1.0074680640978142 0.40669096382042336 0.019495796129265844
-583.7769824727962 0.8573749719183857 0.38800002793679095 0.019470677064344813
-577.3429893374575 0.9189994955067714 0.39735618907205666 0.01944334714028542
-570.9089962020699 1.0979834604561745 0.4159043582829491 0.019413835405715594
-564.4750030667803 0.9788970746762587 0.4019922324344211 0.01938217236632861
-558.0410099313928 0.8565610190637477 0.39247741653374973 0.019348389941515488
-551.6070167960542 1.158967403490411 0.42475832308128963 0.019312521423917425
-545.1730236607154 0.6744822966742062 0.3621135630046026 0.019274601441722154
-538.739030525328 0.7946664544695284 0.372434062955581 0.019234665923557222
-532.3050373900383 1.1556920741022698 0.42477680986596333 0.019192752065826702
-525.8710442546508 1.1861768200825782 0.4283956039112023 0.019148898302341635
-519.4370511193122 0.9134741023617886 0.3924237983687995 0.019103144276118318
-513.0030579839735 1.1591544771994966 0.4283713614907569 0.019055530813194072
-506.56906484858587 0.8843948033131507 0.3872963949932498 0.019006099898343905
-500.13507171329627 0.9722355501443617 0.39708749596691945 0.01895489465256746
-493.7010785779087 1.0018312710045265 0.4019105929994141 0.0189019593122175
-487.2670854425701 0.8213138873131943 0.37747405337998363 0.018847339209665553
-480.8330923072315 1.0032001310766523 0.4062896789300405 0.018791080755367617
-474.3990991718439 1.0652485166526107 0.4112077822265873 0.01873323142122962
-467.9651060365542 0.9121730789901659 0.3969757728469379 0.018673839725152606
-461.5311129011667 0.8219313327100268 0.3773973588974583 0.018612955216636588
-455.0971197658281 0.8533290227465761 0.38247632008095506 0.018550628463347815
-448.6631266304895 0.8210904564174669 0.3826989502176281 0.01848691103851306
-442.2291334951018 0.5807095923402059 0.34403525892396714 0.018421855509044762
-435.7951403598122 0.7017328889511647 0.3615400599488477 0.018355515424275482
-429.3611472244247 0.9425648365439119 0.3964830485829899 0.018287945305176672
-422.9271540890861 0.6100251785924179 0.3443190978941197 0.018219200633963498
-416.4931609537475 1.0972761065274699 0.4198037370267433 0.018149337843939333
-410.0591678183598 0.8518223979825265 0.3825953837271478 0.018078414309476334
-403.6251746830703 0.9112101020689858 0.39213139346035697 0.018006488335998085
-397.1911815476826 0.9724213435420894 0.40134963035027843 0.01793361914982523
-390.757188412344 1.3390899626879482 0.4530656590738813 0.017859866887772316
-384.3231952770054 1.1833479841920163 0.42781092297937207 0.017785292586329774
-377.88920214161794 0.8212575564249971 0.37750405055134983 0.01770995817031084
-371.45520900632823 1.0661383118950771 0.4156103287811795 0.017633926440808047
-365.02121587094075 0.9108240588510803 0.3921411479359486 0.017557261062298442
-358.58722273560215 0.671894069550791 0.36203356941399867 0.017480026548764047
-352.15322960026356 1.0041524126211088 0.4058616702460482 0.017402288248636755
-345.71923646487585 0.800883435694982 0.37697954722196175 0.01732411232842406
-339.28524332958614 1.2942540844836226 0.44924275439722877 0.017245565754835376
-332.85125019419866 1.1401897333627176 0.4287225404095112 0.0171667162752235
-326.41725705886006 0.8516289981265474 0.38234203139161754 0.017087632396184133
-319.98326392352146 0.8910754865708946 0.39204257790990493 0.01700838336009855
-313.549270788134 1.1815367864752455 0.4318872804235935 0.0169290391194545
-307.11527765284427 1.1278020518096745 0.4244752333700222 0.016849670308744607
-300.68128451745656 1.201386523303205 0.4372654724873029 0.016770348213738944
-294.24729138211796 1.0171419751298818 0.4101166506279709 0.016691144737960132
-287.81329824677937 1.225643616011601 0.4408389157696939 0.016612132366134676
-281.3793051113919 0.7161594014880073 0.3622078868624706 0.016533384124449248
-274.9453119761022 1.2351667695300539 0.44014732745559687 0.016454973537409327
-268.5113188407147 0.9457745336684256 0.4019771381346961 0.016376974581101794
-262.0773257053761 0.9249819485011357 0.4011180661909987 0.016299461632700886
-255.64333257003727 1.3356059575657815 0.453523344941059 0.016222509416010687
-249.2093394346498 1.2270170710371806 0.4411512813260786 0.01614619294290056
-242.77534629936008 0.9285339987891802 0.3972446631481053 0.016070587450468427
-236.3413531639726 1.161307018416299 0.429028453171393 0.01599576833378196
-229.907360028634 0.8240232001435231 0.3830116929711759 0.01592181107409564
-223.4733668932954 0.5820373907463282 0.3447125624529874 0.015848791162410083
-217.03937375790792 1.0989117125845993 0.41590858208380843 0.01577678401831377
-210.6053806226182 1.0687194312620591 0.41503664934149753 0.01570586490404171
-204.17138748723073 1.1236237630235693 0.4202066585669332 0.0156361088337146
-197.73739435189214 0.9131819685401483 0.3969383529470761 0.015567590477783968
-191.30340121655354 1.0357921050094272 0.4073125762501554 0.015500384062694755
-184.8694080811656 0.8189939084538361 0.37772643763476343 0.01543456326586365
-178.4354149458759 0.974876790477822 0.39742858002510756 0.01537020110608232
-172.0014218104884 0.9125894378318528 0.3928982785240681 0.015307369829499805
-165.5674286751498 0.9728149064475557 0.39766595378245473 0.015246140791411216
-159.13343553981122 0.9445471436291208 0.39329055407424107 0.015186584334084029
-152.69944240442373 1.0322170955459482 0.4073026075172918 0.015128769660947516
-146.26544926913402 0.8223034107022521 0.38318801472609554 0.015072764707494806
-139.83145613374654 0.9440633272903478 0.3982037770965592 0.015018636009300939
-133.39746299840795 0.9134696654106013 0.39316899088010476 0.014966448567635286
-126.96346986306935 0.9472375388573921 0.40204260966370864 0.014916265713159951
-120.52947672768164 1.1562649059085377 0.4256063707369098 0.014868148968294033
-114.09548359239193 0.7040435415339861 0.3620105512288682 0.014822157908847724
-107.66149045700445 1.0382967500554106 0.41124247017321347 0.014778350025576729
-101.22749732166585 1.0384741888635003 0.4122763951433088 0.014736780586367345
-94.79350418632725 1.0367831803257008 0.4071132852196586 0.0146975024997667
-88.35951105093977 0.7945740193352716 0.37783949931959837 0.014660566180634374
-81.92551791565006 1.0696428448961537 0.41700724728828514 0.014626019418695606
-75.49152478026258 0.7664324439238638 0.37353445678216096 0.014593907250794439
-69.05753164492398 1.0695865669894944 0.4123341965895903 0.014564271837667854
-62.62353850958539 1.1891489262743729 0.43386724233584595 0.014537152346037311
-56.189545374197905 0.8866087582436577 0.38913574992773253 0.014512584836828317
-49.755552238908194 0.828717397436079 0.38385869285746155 0.014490602160294672
-43.32155910352026 0.9510960619238433 0.399107848677643 0.014471233858797611
-36.88756596818166 0.950415710448741 0.39872856702646425 0.014454506077960595
-30.453572832843065 0.951380532503236 0.40202064427072687 0.014440441486857638
-24.019579697455583 1.0416446291167665 0.4128611157288831 0.014429059207850987
-17.585586562165872 1.072215394857034 0.41735448228440775 0.014420374756619461
-11.15159342677839 0.7989932488421754 0.37953085048240404 0.014414399992847604
-4.717600291439794 0.9221348781799612 0.39845334612066285 0.014411143081969805
1.7163928438988023 1.0458584876294428 0.4167470165382586 0.014410608468271484
8.150385979286284 0.9507062829509586 0.40370495362376924 0.014412796859565324
14.584379114575995 1.0468880471941597 0.4181144253792377 0.014417705223563275
21.018372249963704 1.1983948519107064 0.4351172422152363 0.014425326795972224
27.4523653853023 0.9242077235022391 0.40442015535789083 0.01443565110024353
33.8863585206409 1.046061406325678 0.41835182909413954 0.014448663978815215
40.32035165602838 1.3859962822750815 0.46023493478117977 0.01446434763559017
46.75434479131809 0.773534382771517 0.38030355375931835 0.01448268068930748
53.18833792670557 0.7417664173699701 0.3749879645395375 0.014503638237383083
59.62233106204417 1.1405784627947053 0.43113725356217586 0.014527191929711343
66.05632419738276 1.018496791024088 0.40892048681976645 0.014553310051861987
72.49031733277025 1.0824746975074968 0.4271809360624943 0.01458195761703266
78.92431046805996 1.3292298952092492 0.4520883313867403 0.014613096466072138
85.3583036034479 0.9597848591681455 0.4094760837648651 0.014646685374848038
91.79229673878649 0.9289478757605826 0.4045424697016904 0.014682680168185596
98.22628987412509 1.234066695800417 0.44067832874563395 0.01472103383960118
104.66028300951257 0.8075078168213248 0.3854324008031161 0.014761696676017786
111.09427614480228 1.0812390129265232 0.4189651374105945 0.014804616386657527
117.52826928018976 0.8665513835276084 0.389472464958085 0.014849738235311319
123.96226241552836 0.9891053977876513 0.41482565143549793 0.014897005175180025
130.39625555086695 0.592804169118902 0.34830507018280454 0.014946357985529925
136.83024868625444 1.3908588716889894 0.4611337181377619 0.014997735409402657
143.26424182154415 0.9905348226721861 0.4101680502830368 0.015051074291670274
149.69823495693163 0.9608052378929568 0.40568901298794136 0.015106309716765964
156.13222809227045 0.9612807924139448 0.40999387182292085 0.015163375145441013
162.56622122760905 1.2348976626447612 0.4371303847960772 0.015222202549980978
169.00021436299653 0.6809069171132475 0.3650191247943604 0.01528272254732645
175.43420749828624 1.1083467939025904 0.42412955996362484 0.015344864529616092
181.86820063367372 0.9871121811931672 0.410311805055202 0.015408556791723375
188.30219376901232 0.9528021720412106 0.4014315269577587 0.01547372665538365
194.73618690435092 1.1116014737590736 0.42426706704482653 0.015540300589602696
201.1701800397384 0.8188334726337803 0.3854847761381093 0.015608204327045544
207.6041731750281 1.083572592096778 0.4204837762662445 0.01567736297617959
214.0381663104156 1.4093127643341046 0.4697230292274014 0.01574770112899434
220.4721594457542 0.8254546427070252 0.38226313060959816 0.015819142964136022
226.906152581093 1.0554987404818 0.41597278614560107 0.015891612345384692
233.34014571648072 0.9581646168714424 0.40594055499304504 0.015965032915393734
239.7741388517702 1.0196032921335139 0.41152879284993504 0.01603932818467682
246.2081319871579 0.8398193428594449 0.3825715983136686 0.01611442161586174
252.6421251224965 1.2129881326572376 0.4385052377868788 0.0161902367032296
259.0761182578351 1.0520932573442052 0.4209989394309613 0.01626669704763584
265.5101113932226 1.2269007660238553 0.44252600056912267 0.016343726426882695
271.9441045285123 0.7216165772408425 0.3653357332769908 0.016421248861664895
278.3780976638998 1.002291739620907 0.4120066363238307 0.016499188677229198
284.8120907992384 0.8990666048930729 0.3976728499753494 0.016577470560871443
291.246083934577 0.7467270814784079 0.37227952040307616 0.016656019615460742
297.6800770699647 1.1502912688509448 0.43020027129121574 0.01673476140913785
304.1140702052544 0.8480211871880854 0.388238512548365 0.01681362202137588
310.5480633406419 1.0809747564043597 0.4172319512079621 0.01689252808559767
316.98205647598047 1.3570476944219867 0.4560201827340409 0.016971406828516014
323.41604961131907 0.7698344289955656 0.3773043249847638 0.017050186106419556
329.85004274670655 1.0846247081881777 0.4220826515312599 0.01712879443857473
336.28403588199626 1.1422357357571766 0.4309359485173061 0.01720716103794732
342.71802901738374 0.7756811775533762 0.3780010625191027 0.01728521583944585
349.15202215272234 0.9568176466827868 0.3987978201955547 0.017362889525854866
355.58601528806093 1.021824178229621 0.4082849752746531 0.01744011355167652
362.02000842344887 0.9926106766471362 0.41310171669578577 0.017516820165042135
368.45400155873836 0.7784108854863887 0.3840532548649371 0.017592942427884374
374.88799469412606 0.655025096531715 0.3625063863134703 0.017668414234555743
381.32198782946466 0.8723103358471699 0.3940353710457869 0.01774317032904283
387.75598096480326 1.4926333503148164 0.4771952555335206 0.01781714632097286
394.18997410019074 0.7782841439227816 0.38416520590565645 0.017890278700552237
400.62396723548045 0.687198121085903 0.3678936210220969 0.017962504852603485
407.05796037086793 1.1748213810804657 0.4318962629673016 0.018033763069861465
413.4919535062065 1.055097593022949 0.4184285369573825 0.01810399256565482
419.9259466415451 0.5627314667199463 0.34189722218188745 0.018173133486142943
426.35993977693283 0.717413241777104 0.3728744413264045 0.01824112692222542
432.79393291222254 0.969405524497689 0.4140392272535254 0.018307914921266395
439.22792604761 0.46911317976885974 0.3271751241716221 0.018373440498771702
445.6619191829486 0.5011864849821468 0.3320322668909642 0.01843764765012485
452.0959123182872 0.6268692429277256 0.3576861433834701 0.01850048136253049
458.5299054536747 0.5977302479578118 0.3518047307874753 0.018561887627265107
464.9638985889644 0.22573305819637726 0.26795659037899006 0.018621813452360473
471.3978917243519 0.1955546263009127 0.2564748082843213 0.01868020687584143
477.8318848596905 0.2598511557577803 0.276636457680609 0.01873701697961336
484.2658779950291 0.19841326212371685 0.2589693700714853 0.01879219390413391
490.69987113041657 0.04052264887484663 0.20491635585784887 0.018845688863961763
497.1338642657063 0.07149907527708955 0.21685399143786654 0.01889745416429993
503.567857401094 -0.02200797587165087 0.17489206934422147 0.01894744321864956
510.0018505364326 0.07047378592922217 0.21693707314268248 0.018995610567668856
516.4358436717712 0.06918792826786437 0.2169750838768157 0.019041911899368276
522.8698368071589 0.0077823267527044925 0.1906463140686656 0.019086304070738885
529.3038299424484 0.03896665253985752 0.20343879607508875 0.019128745130934533
535.7378230778361 0.07060689941654558 0.2170955748897115 0.01916919434612879
542.1718162131747 -0.02234934769414412 0.17508574138722652 0.019207612226153057
548.6058093485133 0.16518618078448208 0.24632252498008395 0.01924396055305429
555.0398024839008 0.07061844486588 0.21881682761682308 0.019278202411685666
561.4737956191905 0.16510156994297073 0.25033609561868325 0.019310302222465676
567.9077887545782 0.38025420192164594 0.3078534993041315 0.019340225776443874
574.3417818899168 0.5992193302341975 0.35264437911845903 0.019367940272803644
580.7757750252554 0.44472172171481533 0.32185815346213226 0.01939341435896018
587.2097681606429 0.6583551541202303 0.3643489705778921 0.019416618173395933
593.6437612959326 0.9422797673327942 0.4103893390498254 0.01943752339139686
600.0777544313205 0.9082129023416895 0.40100026617276535 0.019456103273857387
606.5117475666589 0.6583466593058243 0.36341481154477195 0.019472332719322097
612.9457407019977 1.099996164135567 0.4297683513454069 0.01948618831945445
619.3797338373852 0.8797913287596196 0.3959140301740957 0.019497648418117776
625.8137269726749 0.819039395121726 0.391485406297303 0.01950669317427231
632.2477201080624 1.1013241922200823 0.42997488925872174 0.01951330462889972
638.6817132434012 1.2240733362511527 0.44767111993908165 0.019517466776173803
645.1157063787396 1.2887843966222743 0.4522219874177095 0.019519165639112927
651.549699514127 0.7879256788158296 0.3868357780280006 0.019518389349955468
657.9836926494168 1.1298869528629802 0.43057015504014867 0.01951512823551508
664.4176857848042 0.7902034680805496 0.3863852941670483 0.019509374907782658
670.8516789201431 1.0075281053059966 0.42157879170721085 0.019501124360056007
677.2856720554814 0.8490184014006107 0.39724336090872536 0.01949037406888849
683.7196651908689 0.9494166775113333 0.41212241938837413 0.01947712410216326
690.1536583261586 0.8487198085598805 0.39653966778264216 0.019461377233610817
696.5876514615461 1.1319295202263908 0.4306128857814178 0.01944313906409839
703.0216445968849 0.7909226330308469 0.3872792100032153 0.019422418150037955
709.4556377322237 1.1019118705137334 0.4295090816434189 0.019399226139261025
715.8896308676112 0.9440615139632377 0.41266019570483126 0.019373577914729368
722.3236240029009 0.9462274401157261 0.4124051118204556 0.019345491746454117
728.7576171382884 0.8832699433117392 0.39680680824281755 0.01931498945200109
735.1916102736272 0.9841336564200551 0.41728952506102723 0.019282096565978173
741.6256034089656 1.1064239569640917 0.4358606820915926 0.019246842518884536
748.0595965443531 0.9489786536220932 0.4061596704300967 0.019209260825721067
754.4935896796428 1.1071871784479763 0.4359257103879186 0.019169389284746062
760.9275828150303 0.9827560924805604 0.4169664404733347 0.01912727018675009
767.3615759503691 0.7924485707339903 0.38745213526921046 0.019082950535226902
773.7955690857079 0.9180040709990218 0.4081856317489784 0.01903648227776988
780.2295622210954 1.0465966271763496 0.4267808164620902 0.01898792254902283
786.6635553563851 1.2319283625090576 0.4491216813647316 0.018937333925460365
793.0975484917726 1.1708079460705696 0.4447851012654855 0.018884784692223672
799.531541627111 0.6697346564243837 0.3664450592403341 0.018830349122198817
805.9655347624498 0.8272596583983118 0.3929372918648811 0.018774107767416188
812.3995278978373 0.9859704352068694 0.4177198236015541 0.018716147762794323
818.833521033127 1.0148666982644252 0.4225832393524903 0.018656563142121548
825.2675141685145 1.2612554163915692 0.45353775316194167 0.018595455166037493
831.7015073038528 1.107639516425773 0.4308670330982842 0.01853293266164877
838.1355004391917 0.7347338921749017 0.3770517127227222 0.01846911237319239
844.5694935745792 0.6074101239764889 0.3551006075569748 0.018404119322992504
851.0034867098689 0.8583139009972325 0.3922242957168635 0.01833808718168949
857.4374798452563 0.7645844289618977 0.38285081231606066 0.018271158646442555
863.8714729805952 0.9504552790476132 0.4127923289209773 0.018203485825519106
870.3054661159335 0.7598933512823985 0.3764218815125282 0.018135230627282395
876.7394592513215 1.138299544164985 0.44068333022067974 0.018066565151233657
883.1734523866107 0.765629436042854 0.3832096637556201 0.01799767207829166
889.6074455219987 1.2968491394477617 0.45832918030025854 0.01792874505699924
896.0414386573375 0.8909714490948091 0.40342531560553924 0.01785998908183662
902.4754317926759 0.8858820288505985 0.39780755307551474 0.017791620859189543
908.9094249280633 1.3596048911495604 0.46648357719218186 0.0177238691559417
915.343418063353 1.1366290243894897 0.4367228146346684 0.01765697512496938
921.7774111987405 1.0433103021651189 0.42158850470970605 0.017591192601126075
928.2114043340789 0.8568114685208824 0.39872798705357404 0.01752678836062558
934.6453974694177 1.1389817483834765 0.4367753425544187 0.01746404233597763
941.0793906048057 1.4215583609984705 0.4709164914236844 0.01740324777798487
947.5133837400949 0.8248319580932602 0.39316261052821067 0.017344711355632956
953.9473768754829 1.2307751220114047 0.4453516587158612 0.01728875318412886
960.3813700108212 0.8542086627915736 0.3987870531021951 0.017235706770893696
966.81536314616 0.8250731169014961 0.3939538866325344 0.01718591886894599
973.2493562815471 0.9791005167066912 0.4133325447974653 0.017139749227008654
979.6833494168372 0.9477375196666697 0.40677359179248845 0.017097570225737223
986.1173425522243 0.823771694200432 0.391683903412506 0.01705976638984202
992.5513356875631 0.9486294704985427 0.4132004114491745 0.01702673376659512
998.9853288229015 0.6946796855040026 0.3724606556466803 0.01699887916226104
1005.4193219582894 0.913317598046287 0.40405463589574064 0.01697661922951081
1011.8533150935787 1.2260874910633166 0.4491323523206862 0.01696037940079675
1018.2873082289666 1.2605559013524748 0.4542226512865842 0.01695059266506721
1024.7213013643054 1.1368356727854723 0.4413231196541898 0.016947698188060394
1031.1552944996438 1.0106136730148425 0.4229415993945577 0.016952139779690328
1037.5892876350317 1.1999523346133951 0.44520550602576664 0.01696436421571435
1044.023280770321 0.7953083070677565 0.3884979714900753 0.01698481942482646
1050.457273905709 1.0746197573122065 0.43237976102266396 0.017013952556478914
1056.8912670410473 1.3597284590521495 0.47070233268729444 0.01705220794892381
1063.325260176386 0.8554841264947641 0.3988678519628508 0.017100025021062056
1069.7592533117731 1.3283724515007485 0.462434574832306 0.01715783611545445
1076.1932464470633 0.7312426384108974 0.37734375716529944 0.01722606432314426
1082.6272395824508 1.2003211762048676 0.44565901535689934 0.01730512132355105
1089.0612327177892 0.6989290701603429 0.3723162516869772 0.0173954052744048
1095.495225853128 1.012245138541327 0.42311385150755615 0.01749729878746166
1101.9292189885155 1.1674316125997684 0.44067388254465106 0.01761116702530286
1108.3632121238052 0.8839145027884369 0.4032040310929313 0.017737355952977287
1114.7972052591927 1.0755177351086405 0.43181774268543244 0.017876190775522636
1121.2311983945315 1.0781590384709139 0.43212187537319585 0.01802797458851105
1127.6651915298698 1.295369430184032 0.4579984900350116 0.018192987264051066
1134.0991846652573 1.1688362675951147 0.44092102972275066 0.018371484589015392
1140.533177800547 0.8864940135450642 0.40304360549343005 0.018563697666197795
1146.9671709359345 1.1051670993444553 0.4319074769469898 0.018769832582720695
1153.4011640712738 1.0069566364791567 0.41796611446341864 0.01899007034353701
1159.8351572066122 0.8205120931411833 0.3922768958601983 0.01922456706187321
1166.2691503419996 0.8559388744473233 0.3984500840818546 0.019473454392713443
1172.7031434772894 1.042090439369197 0.4270963779971982 0.019736840190606755
1179.1371366126768 0.7949292941961197 0.3879670043023702 0.02001480936907223
1185.5711297480152 1.1731864599774235 0.4449566076127745 0.020307424935719923
1192.005122883354 0.9233850404632956 0.40788986507515773 0.02061472917535886
1198.4391160187415 0.8272913618362377 0.3924244660785182 0.020936744952162356
1204.8731091540312 0.763620211573017 0.38182848664419516 0.02127347710199578
1211.3071022894187 1.4521125080444093 0.4738082147573406 0.021624913886797777
1217.7410954247575 0.8574482697471194 0.3974315747945849 0.021991028484257363
1224.1750885600964 0.7979082903628902 0.38707958164087053 0.022371780488328108
1230.6090816954834 1.4525908455688692 0.4775425827075927 0.02276711739838602
1237.0430748307735 0.7623905085826076 0.38154528592533166 0.023176976077751484
1243.4770679661606 1.0491609260656176 0.42551170960376156 0.023601284165226437
1249.9110611014994 0.8253683595235384 0.3922499397734938 0.02403996142606632
1256.3450542368378 0.7326413027044557 0.37665479497447524 0.02449292103194551
1262.7790473722257 1.2958655078147494 0.4611104122842797 0.024960070761899777
1269.213040507515 0.9833784170762466 0.4171730885460225 0.02544131411887988
1275.647033642903 0.7640116143591312 0.3799221502634593 0.025936551358793532
1282.0810267782413 0.8560500614390479 0.396877797307638 0.02644568043065198
1288.51501991358 1.17250636611646 0.44380440114030095 0.02696859782842853
1294.949013048968 1.268696814005889 0.45656574990072407 0.027505199356277606
1301.3830061842573 1.264516900402006 0.45606809401181636 0.02805538081007035
1307.8169993196452 0.6396783180411421 0.3578252077004664 0.02861903857907039
1314.2509924549836 1.0774036484035832 0.42960050182301374 0.02919607017197129
1320.6849855903224 1.0732110099898973 0.4301038460908947 0.02978637467232956
1327.1189787257094 1.013069499192157 0.42064863222615023 0.030389853128308678
1333.5529718609996 1.1410188624840945 0.43809787166519204 0.031006408882001353
1339.9869649963866 1.0134069491357853 0.4205652773169824 0.0316359478436061
1346.4209581317255 0.7031095001898645 0.36947474826033316 0.032278378715386
1352.8549512670638 1.0423520987068726 0.4172062819297618 0.032933613170586976
1359.2889444024518 0.8883793788733596 0.40048370432697206 0.03360156599185352
1365.7229375377415 1.4810857490010285 0.4835690513191797 0.03428215517367104
1372.156930673129 0.9190866293926342 0.40547753762380323 0.034975301993092775
1378.5909238084678 0.9803585064801725 0.4152025944830865 0.0356809310524193
1385.0249169438061 0.545471735301389 0.3406515802320161 0.03639897029765926
1391.4589100791936 1.043408148888143 0.42421607185931026 0.0371293510158296
1397.8929032144833 0.9775566467180228 0.414345451940161 0.03787200781413747
1404.3268963498708 1.0099908219674225 0.41955022174807505 0.03862687858381384
1410.7608894852092 1.011858730284619 0.4194224717206034 0.03939390445078321
1417.194882620548 0.7880900931193993 0.38487783997318675 0.040173029715607454
1423.628875755936 0.7255773841959463 0.3739077096343266 0.040964201784393924
1430.0628688912252 1.1634799583062376 0.4408354743039483 0.041767371092449
1436.4968620266131 1.0431177539476455 0.42355081455650484 0.042582491022265426
1442.9308551619515 1.007278195576349 0.4092101096579759 0.04340951781691021
1449.3648482972903 0.7826161381799441 0.37296617832377615 0.04424841049026376
1455.7988414326778 0.8771684031306615 0.3884765835981764 0.04509913073485659
1462.2328345679675 1.0476269646604712 0.42217848260148033 0.04596164282825172
1468.666827703355 1.155460381164755 0.43606929934653493 0.04683591353880761
1475.1008208386938 1.1024288143383918 0.42513377431905236 0.04772191203118801
1481.5348139740322 0.8312451466635604 0.3834559664831368 0.04861960977247696
1487.9688071094197 0.7360749491327367 0.36670029215601113 0.0495289804390839
