velocity flux_norm flux_err cont_err
-1485.819444038643 0.593001081695737 0.20285118917217795 0.08294127367386211
-1478.6486001312378 0.4944934284685836 0.18951918288216837 0.07710802395951465
-1471.4777562238326 0.4600527676008355 0.18728874745875476 0.0711972992389449
-1464.306912316373 0.39247297039379253 0.17856636186878588 0.06517693777510335
-1457.1360684090223 0.4097311876160694 0.1824423480024741 0.05900073234961572
-1449.9652245015625 0.4573560583081146 0.19094496641800288 0.05259919956125787
-1442.7943805941575 0.37368184986210495 0.17899003839291816 0.045860887413938345
-1435.6235366867522 0.4674203293168401 0.19422241872522758 0.03858891585448209
-1428.4526927792924 0.8157281163610112 0.24080466669929312 0.030375570340654804
-1421.2818488719417 0.7927965877158512 0.23956681756081658 0.02005626086896739
-1414.1110049644822 0.9048802696381059 0.25386413065576413 nan
-1406.940161057077 0.7766624347368912 0.240257465428541 nan
-1399.7693171496717 0.6127961421892079 0.22053829688548185 nan
-1392.598473242212 0.6351606369689486 0.22457900258560198 nan
-1385.4276293348614 0.8596837179558503 0.25379372906717096 nan
-1378.2567854274016 0.9144940577165935 0.26105970423168046 nan
-1371.0859415199964 0.7135550908113641 0.23858837046124662 nan
-1363.9150976125911 0.7346422170683072 0.2425803357537057 nan
-1356.7442537051315 0.969964082435314 0.2713801000824393 nan
-1349.5734097977809 0.780279082581918 0.25029104896694965 nan
-1342.402565890321 0.7027920938817209 0.2412216501653829 nan
-1335.231721982916 0.758687906452951 0.24996452942417 nan
-1328.0608780755108 0.7779829668034228 0.31036215395168903 nan
-1320.890034168051 0.7303947232138029 0.38406999193760744 nan
-1313.7191902607003 0.6673225380225923 0.3744337046308971 nan
-1306.5483463532407 0.7050363030805346 0.38255232290205193 nan
-1299.3775024458355 0.8121657480409703 0.4030961824276429 nan
-1292.2066585384302 0.6445182377298703 0.3732402934429954 nan
-1285.0358146309704 0.7527205458939719 0.39669478645416006 nan
-1277.86497072362 0.7575139352735984 0.39952746212234036 nan
-1270.6941268161602 0.7611193443330971 0.4016087963542862 nan
-1263.523282908755 0.8003376781281225 0.41034093363317686 nan
-1256.3524390013497 0.8411662319289025 0.41869386580297513 nan
-1249.18159509389 0.595459974386208 0.37561583878875465 nan
-1242.0107511865394 1.0289834451315205 0.45263051335743115 nan
-1234.8399072790796 0.8887771217800895 0.4311775450241674 nan
-1227.6690633716744 0.8934398380058429 0.43404515927064935 nan
-1220.4982194642694 1.2267584921482282 0.4868755981812085 nan
-1213.3273755568096 1.012437041110063 0.4529186765952987 nan
-1206.1565316494589 1.01715612447695 0.4585996623336426 nan
-1198.9856877419993 0.8370632688537673 0.43026425758004205 nan
-1191.814843834594 1.436486882349485 0.5223547892440551 nan
-1184.6439999271888 0.8815815919622129 0.4411614515045483 nan
-1177.473156019729 1.260844959249379 0.5010667328870062 nan
-1170.3023121123783 1.1529194689280025 0.4855157644164694 nan
-1163.1314682049187 0.778146991497123 0.42548414703159637 nan
-1155.9606242975135 1.161832616864401 0.489938504503364 nan
-1148.7897803901083 1.1277770380833994 0.4851036211382374 nan
-1141.6189364826487 0.8250699124220179 0.43797487725386147 nan
-1134.448092575298 1.1358403564258472 0.49006397567571514 nan
-1127.2772486678382 0.677217498685922 0.41193889171110143 nan
-1120.106404760433 0.6415289102533426 0.4063551692136114 nan
-1112.9355608530277 0.7994473985128163 0.43432467517926276 nan
-1105.7647169455681 0.5679446088409464 0.3913687122447706 nan
-1098.5938730382175 1.1962743919735443 0.5038288028180977 nan
-1091.4230291307576 1.0038485502385643 0.47491112109508754 nan
-1084.2521852233526 0.8889505916954941 0.45616421303850263 nan
-1077.0813413159474 1.0491999010364175 0.48256071582095134 nan
-1069.9104974084876 1.3293379902984905 0.5273886590708889 nan
-1062.7396535011371 1.095724309682564 0.4930941878528063 nan
-1055.5688095936773 0.5820911794498039 0.40111776478138006 nan
-1048.397965686272 1.1010577361738267 0.495283407538935 nan
-1041.2271217788668 1.2129336925508782 0.33679677455941215 nan
-1034.0562778714072 1.0550985122236045 0.3190430139963647 nan
-1026.8854339640566 1.0592217931682633 0.3195664304885101 nan
-1019.7145900565968 1.0385811628970751 0.31802148267211916 nan
-1012.5437461491915 0.860930964491443 0.29591971153099644 nan
-1005.3729022417864 1.0235828275405978 0.3167990803675193 nan
-998.2020583343267 0.9043900928200111 0.3024514717031608 nan
-991.031214426976 0.9677984970542572 0.3106405885191436 nan
-983.8603705195163 1.0501564578587295 0.3208237908914024 nan
-976.6895266121112 0.9479278132110497 0.3088274248342544 nan
-969.518682704706 1.158455645642577 0.3334429320823045 nan
-962.3478387972461 1.0152683729518848 0.3172547458696679 nan
-955.1769948898955 0.8898697291015384 0.30245282668860934 nan
-948.0061509824359 1.0969955421683957 0.32782336195291517 nan
-940.8353070750306 1.0771140123394447 0.32582185141610387 nan
-933.6644631676254 0.8723579687449037 0.3005769120345442 nan
-926.4936192601657 1.1619640134671134 0.33599540903727726 nan
-919.3227753528151 1.244781385903465 0.3454404703152753 nan
-912.1519314453553 0.8740728050041346 0.30124347823974396 nan
-904.9810875379501 0.9792205364476654 0.31483165768568055 nan
-897.810243630545 0.9410318072349916 0.31009917182854163 nan
-890.6393997230851 1.1473102958597043 0.33474691913286225 nan
-883.4685558157346 0.9186444295683285 0.30775898116531303 nan
-876.2977119082748 0.7336721025190664 0.2833330664029612 nan
-869.1268680008698 1.021417353887664 0.3207690632129316 nan
-861.9560240934645 1.023471636364891 0.32118976334199273 nan
-854.7851801860047 0.816783451898128 0.29449595332762074 nan
-847.6143362786542 1.0439509055177187 0.32392325659854965 nan
-840.4434923711943 0.9413784702296029 0.3110987452002382 nan
-833.2726484637892 1.0465190970272635 0.32369538205026016 nan
-826.101804556384 0.8395874900023206 0.29802699655179693 nan
-818.9309606489243 0.8409154868591641 0.2981487524990244 nan
-811.7601167415736 0.9849734749442453 0.3166981225388742 nan
-804.5892728341139 0.9861735987585559 0.3167447598537828 nan
-797.4184289267088 0.9443889911871995 0.3116021049787864 nan
-790.2475850193035 0.8598009157461531 0.3010224772472249 nan
-783.0767411118437 0.9655630710569015 0.3142527015066257 nan
-775.9058972044932 1.0898778438705643 0.329403027365554 nan
-768.7350532970333 1.0891611681336866 0.3291363519162984 nan
-761.5642093896282 1.1315690746544425 0.33412245335043855 nan
-754.393365482223 0.653496506854714 0.2712469376269882 nan
-747.2225215747633 0.9229295651334921 0.30906558961644554 nan
-740.0516776674126 0.9436995259111647 0.3116533916452536 nan
-732.8808337599529 0.9653194134589056 0.31369989398316855 nan
-725.7099898525478 0.44530919733097796 0.23873125169352566 nan
-718.5391459451425 0.7346279949968147 0.28420167653070144 nan
-711.3683020376828 0.52815339829752 0.252456040375791 nan
-704.1974581303322 0.6118929621953784 0.2656555762185452 nan
-697.0266142228724 0.5708325565911384 0.25897555041471004 nan
-689.8557703154672 0.5293335947154233 0.2526988338819469 nan
-682.684926408062 0.42437130657676203 0.23446224579100905 nan
-675.5140825006024 0.3013521406854611 0.20863907189518807 nan
-668.3432385932516 0.36284524354197917 0.22233400484352445 nan
-661.172394685792 0.9021125989314163 0.3055301668796022 nan
-654.0015507783868 0.7352168342489275 0.28351787350342855 nan
-646.8307068709815 1.0248661466413627 0.3208170790641749 nan
-639.6598629635218 0.5893768327503887 0.26200939051684285 nan
-632.4890190561712 0.8600833975248714 0.29966912815603347 nan
-625.3181751487115 1.1057447002300147 0.3304227308355911 nan
-618.1473312413062 1.0397726252339075 0.45898076371178625 nan
-610.9764873339011 1.0981202482371062 0.5024041593017028 nan
-603.8056434264414 0.9329026926567214 0.4764887111405904 nan
-596.6347995190907 1.4266463095639825 0.5521749377913646 nan
-589.463955611631 0.6035071098993129 0.412318648303544 nan
-582.2931117042258 0.9319634950967303 0.4751633122649915 nan
-575.1222677968207 1.218318053644099 0.5222598568882987 nan
-567.9514238893609 1.0532778264626743 0.49437163408298423 nan
-560.7805799820103 0.6830599031601262 0.4302313889328269 nan
-553.6097360745505 1.1756827790057718 0.5147823665053219 nan
-546.4388921671452 0.8474883857325635 0.4604060971563731 nan
-539.2680482597401 0.9707531794458383 0.48126733568088853 nan
-532.0972043522804 1.011012809656665 0.48830582398284733 nan
-524.9263604449299 1.1344768453800103 0.5081288404684868 nan
-517.75551653747 0.9290325091928449 0.4741266091472075 nan
-510.5846726300648 0.9291596466525069 0.4734130998944551 nan
-503.4138287226597 1.0929418495237215 0.5001138711573176 nan
-496.24298481519986 0.9698817698969426 0.47938756339607574 nan
-489.0721409078493 0.8880766176966595 0.46692223966627044 nan
-481.9012970003895 0.929567713391214 0.47395381444747464 nan
-474.73045309298425 1.0102936861576857 0.48632048264653205 nan
-467.55960918557923 1.133439123627596 0.5056302359616788 nan
-460.3887652781194 1.132747020626759 0.5049704173023761 nan
-453.21792137076886 0.8057929327399248 0.45120305185948084 nan
-446.04707746330905 1.0101738798142328 0.4863653951840879 nan
-438.8762335559039 0.8056880559252543 0.4508273429793176 nan
-431.7053896484988 1.15639638582955 0.3900936829730721 nan
-424.534545741039 0.8925431320872413 0.30218965225803335 nan
-417.36370183368854 1.1184519173373835 0.32947642913613867 nan
-410.1928579262287 1.132762039566863 0.3315697018679294 nan
-403.0220140188235 0.8482596398079023 0.2963005070404843 nan
-395.85117011141824 1.0312921608074055 0.3193517233444964 nan
-388.68032620395866 1.153543074278803 0.33359086247734565 nan
-381.509482296608 1.279568495401352 0.3466100471402477 nan
-374.3386383891482 0.8079960911625026 0.2909604248933726 nan
-367.16779448174316 1.073935515843438 0.32421688062233206 nan
-359.9969505743379 1.0338807735718947 0.31911431761918774 nan
-352.8261066668781 0.9690625757355362 0.31126354147858326 nan
-345.65526275952743 0.8284997582151779 0.29337733319840076 nan
-338.4844188520676 0.9914468468306309 0.3139480015160598 nan
-331.3135749446626 1.1949907377202618 0.33759172468757775 nan
-324.14273103725736 1.0319860066195905 0.31835094727399 nan
-316.97188712979755 0.9923190967567808 0.3138110420296953 nan
-309.8010432224469 0.9905696781885981 0.31375458234716636 nan
-302.6301993149873 0.8915741166978752 0.3010280194882888 nan
-295.45935540758205 0.9909367574553847 0.3136745796253004 nan
-288.2885115001768 1.030463881497364 0.31860293881290896 nan
-281.117667592717 1.0715064522427333 0.32317055717286375 nan
-273.94682368536655 1.010152966539022 0.31616451901549186 nan
-266.77597977790674 0.8659765035234543 0.2982419216377715 nan
-259.6051358705015 1.1721994772285904 0.3350145908899333 nan
-252.43429196309626 0.7241543473966903 0.27920202648360537 nan
-245.26344805563667 1.1114555292803059 0.32797630536598693 nan
-238.092604148286 0.9064852396419188 0.30335182413395423 nan
-230.9217602408262 0.8238718751999962 0.29294612630503236 nan
-223.75091633342095 0.8464463652133442 0.2954465570112654 nan
-216.58007242601593 1.1311089262310263 0.33020543649998796 nan
-209.40922851855612 0.8442705979837063 0.29563609957676473 nan
-202.23838461120545 1.0492919856605485 0.32034610424412685 nan
-195.06754070374586 0.9887752966011091 0.31306892174055834 nan
-187.89669679634062 0.9485349618320097 0.30857208642063905 nan
-180.72585288893538 1.0295028241132418 0.31837302788267813 nan
-173.5550089814758 0.7034059603016232 0.2761613636612659 nan
-166.38416507412512 0.7829901148754401 0.28749474952174003 nan
-159.2133211666653 1.0092402297423575 0.315799220192708 nan
-152.0424772592603 0.9283213161039559 0.3054593072785873 nan
-144.87163335185505 1.0903604339515625 0.32565624590506315 nan
-137.700789444395 0.8671444340627597 0.29808534480227433 nan
-130.52994553704457 1.1731317968614183 0.3349289215390037 nan
-123.35910162958476 0.9982793517979557 0.31359602588368823 nan
-116.18825772217951 0.8491329465798717 0.29274605569786233 nan
-109.01741381477427 1.1381551944538448 0.3298406870818084 nan
-101.84656990731469 0.8990267959422937 0.30084739067152444 nan
-94.67572599996424 0.9189686119706871 0.30288405448822314 nan
-87.5048820925042 1.1568146579682101 0.3318862139313336 nan
-80.33403818509919 0.9351632282103465 0.3061631435996914 nan
-73.16319427769395 0.8843038253493856 0.29785900680266314 nan
-65.99235037023436 0.9483978584581377 0.3058495162078074 nan
-58.82150646288346 1.072873803060777 0.3236437262290039 nan
-51.65066255542388 1.0119961491765161 0.31610242412311634 nan
-44.479818648018636 1.0364060583930446 0.3188704162299692 nan
-37.308974740613394 0.9775723395252631 0.3107465843374349 nan
-30.13813083315381 1.054028510309379 0.3190176546720588 nan
-22.967286925803137 0.769841690073397 0.2851725560141949 nan
-15.796443018343552 0.9106699639029449 0.30389749864576837 nan
-8.62559911093831 0.890898130130454 0.3011756615343015 nan
-1.4547552035330682 1.1347061577576727 0.33066037106736 nan
5.716088703926516 0.9926447658753945 0.3141483224248211 nan
12.886932611277416 0.7040741730408461 0.2764099257766225 nan
20.057776518737 0.9302433383796876 0.30610142541377594 nan
27.228620426142243 0.9291354992593607 0.3067123035662845 nan
34.39946433354726 1.1345021230040762 0.3308512784825 nan
41.5703082410073 1.1137935427572083 0.32773880930606514 nan
48.74115214835774 1.1127807240394207 0.32900412341487695 nan
55.91199605581755 1.072812984063999 0.32418652253404256 nan
63.082839963222796 1.092813820310499 0.3257000951608126 nan
70.25368387062804 0.7681158740281815 0.28532266461731165 nan
77.42452777808762 0.8903240211478177 0.30187462477506666 nan
84.5953716854383 0.8314776088962177 0.293442953344989 nan
91.7662155928981 0.8688515056825327 0.29908032699541454 nan
98.93705950030335 1.014640012421531 0.3166841046542597 nan
106.10790340770836 0.9521611318999984 0.309526946186242 nan
113.27874731516818 1.0354351586760597 0.31956987418207117 nan
120.44959122251885 0.9941645972590025 0.31455762018224975 nan
127.62043512997843 1.055365957106761 0.3220141067954207 nan
134.79127903738367 1.0532649678215744 0.32201341117442034 nan
141.96212294478892 1.0143041938082926 0.3172662285373146 nan
149.1329668522485 0.9944761633275462 0.31475652576123947 nan
156.30381075959917 1.056895638152868 0.3218027920553538 nan
163.47465466705899 1.0552669561438215 0.32221821651825855 nan
170.64549857446423 1.0154920523486228 0.31720069651132116 nan
177.81634248186924 1.2826750150519488 0.3476705900628492 nan
184.98718638932928 0.9147859565771363 0.30463479296718443 nan
192.15803029667973 0.833885131549709 0.2939305016921294 nan
199.32887420413954 1.1578823553608204 0.33370393571301804 nan
206.49971811154478 1.2626051721240086 0.34501480969346043 nan
213.67056201895002 1.0563191886008105 0.322081093440779 nan
220.8414059264096 0.9537483850400188 0.3093793711509487 nan
228.01224983376028 1.2838021337523322 0.34751754854216754 nan
235.1830937412201 0.8913337736861761 0.30196906053341926 nan
242.3539376486251 0.9928441856766501 0.31470865066103837 nan
249.52478155603035 1.0145138424289408 0.31694433212338186 nan
256.69562546349016 0.870702301859221 0.2987311367921809 nan
263.86646937084083 1.0547620723400208 0.3219472627967076 nan
271.0373132783004 1.1767584719924307 0.33589950922894446 nan
278.20815718570566 1.015486221896058 0.31685736545942594 nan
285.3790010931109 1.1990734204858118 0.3382185456928579 nan
292.5498450005705 1.0750144566344655 0.32425238441151266 nan
299.72068890792116 0.9343919329769834 0.30670707357443877 nan
306.89153281538097 0.8510141283054103 0.2962581981985311 nan
314.062376722786 0.8306879825698386 0.2927894496312218 nan
321.2332206301912 1.076881474893272 0.32381442370962743 nan
328.40406453765127 1.0732916042573044 0.32388537790977984 nan
335.5749084450017 0.9301504717012233 0.30653065079705094 nan
342.7457523524615 0.8932456993647124 0.30084451398225515 nan
349.91659625986676 0.9919177023647303 0.31385614330304085 nan
357.087440167272 1.1978437144100356 0.3370447239088513 nan
364.2582840747316 0.9531053640769177 0.30866995590725615 nan
371.42912798208204 0.8898382367046658 0.3006292330734378 nan
378.5999718895421 0.9917114229126621 0.3134874459677796 nan
385.7708157969471 0.9113004744045601 0.30319127887988423 nan
392.94165970435233 0.8459219138126866 0.29542323301662415 nan
400.1125036118119 0.7854291139506143 0.28664570377927273 nan
407.2833475191628 1.0717227971420713 0.322645088527689 nan
414.4541914266224 0.989242711059069 0.3128058072128281 nan
421.62503533402764 1.0364043001810213 0.31700143622752697 nan
428.7958792414329 0.9553804676390973 0.30742025461823513 nan
435.96672314889247 1.1176200835393788 0.3266706163861027 nan
443.13756705624314 1.1913435826410725 0.3359436307469473 nan
450.3084109637027 0.9988995774129439 0.31450668287232353 nan
457.47925487110797 1.014594897571142 0.31431325186892983 nan
464.6500987785132 0.8963277237595797 0.2975533262879598 nan
471.8209426859728 0.7849367667636027 0.2821661280329984 nan
478.9917865933237 1.0606988711078436 0.31868527299233784 nan
486.1626305007833 1.1838070453009752 0.33242569433338925 nan
493.3334744081885 1.0999712093663654 0.3228891052696303 nan
500.50431831559354 0.7598427860887902 0.2823711727526128 nan
507.6751622230536 0.8970730162809958 0.3000261678855875 nan
514.846006130404 1.082638334154125 0.32021133974166266 nan
522.0168500378638 0.9029254926958205 0.30024467286612777 nan
529.1876939452691 1.0534108585383737 0.3171115354195012 nan
536.3585378526743 1.4001051814201289 0.3549703758800375 nan
543.5293817601339 1.027491115570358 0.3145821616654241 nan
550.7002256674846 0.8573057836452443 0.29425283273971387 nan
557.8710695749444 0.9742860281711315 0.30919415423200525 nan
565.0419134823496 0.7337423115615332 0.27752371442566015 nan
572.2127573897546 1.013332834168707 0.3136218822318826 nan
579.3836012972145 1.0521556435162942 0.31805057618395804 nan
586.5544452045651 0.8908741119404698 0.29772419309165843 nan
593.7252891120252 0.9305556359915809 0.3028104398793186 nan
600.8961330194302 0.830015351828114 0.2895192122060089 nan
608.0669769268357 1.027365524743096 0.3139714690966135 nan
615.2378208342952 0.6270146897423361 0.26201305350332255 nan
622.4086647416457 0.7287489270317724 0.27594235319273547 nan
629.5795086491057 0.7480402641925215 0.27837808830754746 nan
636.7503525565107 0.588099622538549 0.2548111318826533 nan
643.9211964639157 0.40684035879071817 0.22461345555987366 nan
651.0920403713758 0.32624934885764456 0.20965193062465293 nan
658.2628842787262 0.44686412964191446 0.23186245288114388 nan
665.4337281861858 0.4461206009241316 0.23127302013368808 nan
672.6045720935913 0.4840130373312486 0.23784533637104263 nan
679.7754160009963 0.24559999252133421 0.19204016786437478 nan
686.9462599084559 0.28510239861457076 0.20106897460625595 nan
694.1171038158068 0.26639229621702504 0.1965593401932028 nan
701.2879477232664 0.30639304527654204 0.2038564177811662 nan
708.4587916306714 0.5039095836282592 0.24041055287117616 nan
715.6296355380769 0.6405825216349778 0.2614255870908828 nan
722.8004794455369 0.8194506123209455 0.2852331158997533 nan
729.9713233528873 0.7401755520885871 0.27473262484798106 nan
737.1421672603469 0.7375650966993782 0.27480930695626854 nan
744.3130111677524 0.8564730328501471 0.2883094231934338 nan
751.4838550751574 0.9163142701475286 0.29701375754551423 nan
758.654698982617 0.8156896355545594 0.28385206903984145 nan
765.8255428899674 0.7768146786254083 0.278511428375376 nan
772.9963867974275 0.7737763260864976 0.2784443653629439 nan
780.1672307048325 0.912122135081252 0.29552981791337923 nan
787.338074612238 0.852456508557824 0.2882727240318837 nan
794.5089185196975 0.6546685282556853 0.2615000552846659 nan
801.6797624270484 0.47902806934638137 0.2340264502748262 nan
808.850606334508 0.2614489649321171 0.19331875714378846 nan
816.021450241913 0.2220185454579766 0.18457695680776218 nan
823.1922941493185 0.08624709733112532 0.14765390283005295 nan
830.3631380567781 0.08654195501756184 0.1461799368779635 nan
837.5339819641285 0.08636981376421009 0.14693327494144096 nan
844.7048258715886 0.009308200487903078 0.11670161178451803 nan
851.8756697789936 0.0097897755180966 0.11659121686105284 nan
859.0465136863986 0.009096860936827478 0.11648195953951974 nan
866.2173575938582 0.0477677392540877 0.13247219526807705 nan
873.3882015012091 -0.011014028038158234 0.10672015105836452 nan
880.5590454086687 -0.01129368602519792 0.10662397884308865 nan
887.7298893160741 0.04657951963066113 0.132114288022419 nan
894.9007332234792 -0.010888390674711665 0.10643642852345846 nan
902.0715771309387 0.02786643815663301 0.12464958385140229 nan
909.2424210382896 -0.010773742429333084 0.10625603391944173 nan
916.4132649457492 0.026922110914081736 0.12444274131745188 nan
923.5841088531547 0.026054603762965912 0.12434302872266634 nan
930.7549527605597 0.02605204873745977 0.12424589732818522 nan
937.9257966680193 0.0834717988980134 0.14515168842459364 nan
945.0966405753702 0.06385022643832161 0.1390111111126972 nan
952.2674844828298 0.0831573585284924 0.14405983803071873 nan
959.4383283902348 0.31406590712932325 0.2017935794234889 nan
966.6091722976403 0.48720909276608737 0.23191894315480643 nan
973.7800162050999 0.5449032811754287 0.24184494093415324 nan
980.9508601124503 0.6997903169699465 0.26396759444466195 nan
988.1217040199103 0.8331285643344056 0.2813604055213455 nan
995.2925479273154 0.7555659473491485 0.2704604242928569 nan
1002.4633918347204 0.7159459416734743 0.2662146387342153 nan
1009.6342357421804 0.8900421873509419 0.28820003114248455 nan
1016.8050796495309 0.7744701405606457 0.2731853194564242 nan
1023.9759235569904 0.6602186143315918 0.2576479711395161 nan
1031.146767464396 0.9840437635222359 0.2993733122609407 nan
1038.317611371801 0.6783391245985798 0.26033077497027807 nan
1045.488455279261 0.9251129734093663 0.2923717088717336 nan
1052.6592991866114 0.8134173741247651 0.27795224985445344 nan
1059.8301430940714 0.9080097261150215 0.28992822040544264 nan
1067.000987001477 0.9277609774577763 0.29221418413898514 nan
1074.171830908882 0.8507090964747674 0.28279030438415614 nan
1081.3426748163415 1.000955728044673 0.3013712238053597 nan
1088.5135187236924 1.1747809126277016 0.32037472580177523 nan
1095.684362631152 1.0437920543648156 0.3057803344203854 nan
1102.855206538557 0.7933159114927778 0.275658989566323 nan
1110.0260504459625 0.793494918356869 0.2752220720852637 nan
1117.196894353422 0.8909530280542819 0.2874861036998001 nan
1124.3677382607725 0.7349852014042467 0.26825283964155944 nan
1131.5385821682326 0.8512942284547996 0.2831077535477757 nan
1138.7094260756376 0.7197767601913215 0.266031646727711 nan
1145.8802699830426 0.5261354923770932 0.2379433613650611 nan
1153.0511138905026 0.6403046542876261 0.25550745712113426 nan
1160.221957797853 0.41188161376909643 0.2194389940229281 nan
1167.3928017053126 0.5464755666244081 0.24100680468768249 nan
1174.5636456127181 0.41529068109141 0.21985586726028397 nan
1181.7344895201231 0.7773614843189349 0.2744340848740273 nan
1188.9053334275827 0.66583160277969 0.2595799485376056 nan
1196.0761773349336 0.7431868833420527 0.2702317342651025 nan
1203.2470212423932 0.7442259600266092 0.2704284333411415 nan
1210.4178651497982 0.7649831602800854 0.2734274694800522 nan
1217.5887090572037 0.9777606544039945 0.3005578902900125 nan
1224.7595529646633 0.9410596027682381 0.296340268743565 nan
1231.9303968720142 0.9240124349340098 0.29450216762701875 nan
1239.1012407794738 0.9805913913118042 0.302090277883639 nan
1246.2720846868788 1.0231199065748786 0.3072519413515628 nan
1253.4429285942842 1.0444685751118774 0.3101061723864342 nan
1260.6137725017438 1.1250101093666154 0.31958846958965015 nan
1267.7846164090943 0.931118020037209 0.2975310970837015 nan
1274.9554603165543 0.8965156706999574 0.2932096926030497 nan
1282.1263042239593 1.1130685966373846 0.3195679109165241 nan
1289.2971481313643 0.9984128020302595 0.30675896195167823 nan
1296.467992038824 0.9433471455809588 0.30046979750686037 nan
1303.6388359461748 1.06544170247109 0.3146166870865026 nan
1310.8096798536344 1.0892523951227404 0.3184017579039787 nan
1317.9805237610399 1.1918264703490078 0.33078632077241127 nan
1325.151367668445 0.9703437700398923 0.3065824869068455 nan
1332.3222115759045 0.8167437764377286 0.28698192054445576 nan
1339.4930554832554 1.2046124054385317 0.33441716601421656 nan
1346.663899390715 0.9055547731901809 0.29993896396276004 nan
1353.83474329812 1.1322260651819078 0.3280214784618229 nan
1361.0055872055254 0.8485066869901475 0.29446366193651086 nan
1368.1764311129855 0.8136417900625498 0.29005310333608975 nan
1375.3472750203364 0.9428454948282184 0.3076580453378226 nan
1382.518118927796 1.336918816195589 0.35388297713799616 nan
1389.688962835201 1.24066249542942 0.3448599629076988 nan
1396.8598067426055 0.682061152886627 0.2755093958037979 nan
1404.030650650066 0.7717426843075662 0.28913400272567175 nan
1411.2014945574165 0.9213046944576118 0.3101551648121699 nan
1418.372338464876 1.119695147007983 0.33509759852589815 0.018486395894752004
1425.5431823722815 1.1701968262606635 0.3421374987821606 0.035497526572478545
1432.7140262796865 0.9584313560010277 0.31885937991985114 0.04800873084641846
1439.8848701871461 0.9654122028038135 0.32065367097469627 0.0590596231224513
1447.055714094497 0.9928310175482992 0.32518313980209923 0.0694454207716157
1454.2265580019566 0.977197130920637 0.32507018682168926 0.07951591935745621
1461.397401909362 0.6530146265922931 0.28223927416587996 0.08946288012731168
1468.568245816767 0.637061761889299 0.2807198844425081 0.09940637135927798
1475.7390897242267 0.664124593022054 0.2857422203839188 0.10942894269035777
1482.9099336315776 0.6918462117256153 0.29190330930092756 0.11959158862782088
1490.0807775390372 0.836100092681505 0.3143480947900783 0.12994209924381148
